1 20163922 thinh 09661391002 9.000000 
2 20160436 chinh 01238446721 8.000000 
3 20161198 giap 0989160298 8.500000 
4 20161546 hieu 0984951598 7.500000 
5 20164518 tung 01698569888 6.000000 
6 20163711 thanh 0911055189 5.500000 
7 20162439 linh 0964335236 2.500000 
8 20163255 phuong 01267332485 4.500000 
9 20163040 nhat 0974755580 7.000000 
10 20163303 quang 0967247117 3.500000 
11 20166589 phuong 09672319064 8.000000 
12 20164571 tung 0942889625 7.500000 
13 20164582 tuong 01666861195 6.500000 
14 20167313 ngoc 01262069060 6.000000 
15 20162135 khanh 0971446229 9.000000 
16 20162050 hung 01255566809 8.500000 
17 20161706 hoang 01627199966 6.500000 
18 20160637 dung 0979725198 7.500000 
19 20161067 duc 01645917999 7.000000 
20 20161311 yen 01656683097 10.000000 
