1 20163922 thinh 09661391002
2 20160436 chinh 01238446721
3 20161198 giap 0989160298
4 20161546 hieu 0984951598
5 20164518 tung 01698569888
6 20163711 thanh 0911055189
7 20162439 linh 0964335236
8 20163255 phuong 01267332485
9 20163040 nhat 0974755580
10 20163303 quang 0967247117
11 20166589 phuong 09672319064
12 20164571 tung 0942889625
13 20164582 tuong 01666861195
14 20167313 ngoc 01262069060 
15 20162135 khanh 0971446229
16 20162050 hung 01255566809
17 20161706 hoang 01627199966
18 20160637 dung 0979725198
19 20161067 duc 01645917999 
20 20161311 yen 01656683097




