iphone6 32 4.700000 13990000
iphone7 64 4.700000 20000000
iphone8 256 4.700000 25790000
iphonex 64 5.800000 29990000
samsunggalaxyj3 32 5.000000 4490000
samsunggalaxyj7 64 5.500000 8690000
samsunggalaxys8 64 5.800000 15990000
samsunggalaxys9 128 5.800000 20490000
samsunggalaxynote8 64 6.300000 22490000
oppoa83 32 5.700000 4990000
oppof3 64 5.500000 7690000
oppof5 64 6.000000 8900000
sonyx 64 6.000000 7490000
sonyxa1 64 6.200000 8490000
sonyxz1 64 5.200000 16990000
nokia6 64 4.700000 5590000
nokia8 64 5.500000 12990000
motorolaz2 128 5.700000 10990000
vivov7 64 5.700000 6990000
xiaomia1 32 5.500000 4290000